40572
85742
89088
121856
60928
108032
200791
47616
66048
123229
45454
193108
99328
127435
123229
102400
145408
42183
122819
40448
77824
80896
85504
106670
491142
79872
51532
111705
32356
52374
45068
237627
87630
94038
183296
95232
122880
60416
284160
79808
78336
56320
118784
134803
122014
272896
272896
24023
164864
78239
206817
137728
257435
59040
60928
64512
412759
79872
127488
70978
51076
71168
62356
64512
99328
79872
76288
134659
61440
68549
32768
72050
35683
128512
40960
68096
206264
38912
75264
106442
106442
29696
74752
49208
119156
167424
263764
52224
25093
50688
50688
40960
120017
72841
40448
38979
76800
45082
84480
116215
116215
233984
29184
54616
111815
124928
145691
26369
220867
367828
151444
26217
58652
190832
95744
65024
60928
44755
70144
197083
157483
138240
52736
59392
151365
53760
182126
79872
49385
52224
64512
95744
158945
159029
36284
157305
84884
53322
53322
123904
24284
37789
64000
47104
95744
69120
79716
60416
39825
53760
145705
59904
179200
116215
87040
93377
65536
93377
59392
79872
123904
89315
379904
97280
348160
86528
167424
91136
84992
90624
72050
110592
181760
70935
76288
54784
215236
59392
497152
99688
179712
48128
141312
122368
161792
53248
84992
207872
218624
108204
133632
63012
192087
243300
104994
45568
77312
83794
151552
73216
73216
67584
51548
88576
23080
41984
92672
201058
35711
62128
117148
10041
92632
151464
46592
29184
43520
42496
185221
56988
86016
142093
158401
153724
43504
42015
76288
24102
82944
114641
29659
17980
23542
102840
162836
255591
89088
198554
19601
55808
130484
156610
212668
71733
88957
94508
64512
146036
130009
139145
56320
245470
95798
21426
86528
56832
117085
55630
204593
63312
234534
89529
52859
361282
93348
26953
96479
278867
35544
51709
251252
103655
130378
162308
125589
355592
353385
103330
495181
180410
65313
78443
78455
143803
148373
270059
53460
294677
89923
467084
370444
366318
253268
120884
182880
111520
116374
45334
120896
232146
11090004
4226708
94354
207431
135761
44402
241160
306175
117558
279498
65024
105984
365056
29184
1819422
148480
99328
99328
237568
1819422
109522
109522
159646
37057
74752
666720
99328
38956
63013
89088
101376
56832
43280
71680
37888
211456
100864
59904
109056
24858
106496
108739
87552
44597
194042
91978
233472
79360
81408
1675940
104424
142848
166710
183296
127488
250082
147208
286720
133632
303706
287744
38037
198656
1008128
212992
104960
356352
121856
90657
39936
144896
138240
38049
95497
348431
101888
181248
42496
42496
42496
91136
87552
101376
176395
212951
4
87599
52090
563061
562630
19869
79360
10106037
73216
105984
120942
96256
69127
100352
115200
103424
54784
451149
99328
105472
101940
51921
98921
158822
157080
193108
169260
122166
125403
254260
19793
171833
348338
98067
29159
51190
203991
524283
29569
68339
213967
54758
290436
50040
90539
58810
116495
45246
25250
117725
110968
175358
100435
438211
136653
321681
163000
101149
226954
83473
182232
190427
136094
43394
210353
69052
91581
102335
117909
97193
85973
51414
127383
256297
155523
130262
153611
112475
62052
144475
287706
273959
154079
181556
64264
84530
51065
215189
36284
108778
114012
188045
163117
281858
85798
154287
218358
49885
99765
109846
51653
72309
16341
107390
219223
70642
118784
480129
269991
165732
93279
144768
22840
185607
282453
146655
52653
80508
19956
146886
107430
231977
46166
74315
84225
79358
45585
58305
154966
20456
830555
103512
137944
171989
53802
137798
57591
112266
83223
58826
57674
319878
80950
101413
109044
349874
24798
122034
143413
12556
85241
21691
68993
82009
91144
75818
373952
7700
139122
462210
112509
251591
62511
162130
929697
204067
269671
283596
55200
49689
87310
114751
26320
66516
159731
204152
220668
365717
70568
19127
158197
132853
87106
95703
199947
60768
4922945
176504
150135
176374
82272
129845
35369
442620
146167
75009
165554
120007
99765
99426
51806
164401
711820
201907
75165
94735
52454
104998
151048
105712
83046
57239
100662
187434
80840
280170
273913
150798
181771
75261
188595
39377
105482
176699
22336
110501
89934
116877
153208
6484
143915
143442
86268
62906
41148
184346
338611
55054
77825
118666
62070
182642
280702
279262
148981
136385
22637
75703
17886
88460
21506
51070
72495
65343
32272
29647
15314
117892
238343
595390
94392
169511
11932
141710
4222
72185
129257
104317
111490
22358
73400
66558
88278
61908
207541
147768
124973
88257
87198
162834
131042
115243
23945
53882
142440
46092
30174
124489
93372
87332
86932
85941
135894
86188
83702
143847
22804
162136
81120
100620
164939
123024
113743
80897
306321
14832
271406
31269
20886
54007
181692
91482
250439
14797
127250
19372
130031
18712
106994
117001
62303
10737
96474
310207
115645
5687856
63231
81127
51548
65608
149960
59307
83358
12579
56555
71923
74294
80697
43766
129907
152479
101116
60472
130357
1030019
151459
184253
294237
172214
92774
118451
263525
102030
73594
17612
58288
218020
8429
237167
81375
178889
138573
375298
151127
51556
137750
124533
120466
20996
166913
291052
202149
90875
71626
88452
97339
118114
79036
24227
116855
107056
105117
19867
61299
62464
81281
104672
69126
123616
227126
202310
54858
63943
104017
16589
24151
119388
115603
119320
120267
76891
106873
58994
51924
104556
103955
16089
186555
101567
372906
118921
72212
46592
96883
14047
374599
128335
81160
82148
151832
52204
84414
40304
64716
111632
101565
176186
86847
75959
173091
266237
80404
108037
73914
130122
110712
125097
290820
180874
105206
82311
274504
57364
34789
186644
111581
201124
494494
120965
41374
153025
124968
151940
67032
191381
276308
302313
92537
100321
65805
51675
5749818
41144
426980
174406
81242
139020
475633
41711
83446
236616
129385
270103
78103
120266
82371
262937
69664
104727
89953
74180
163015
167958
107969
139559
138620
89082
41681
122811
110592
117495
149396
57271
230022
103929
20959
59922
58519
96044
56767
65105
67152
159999
144932
25496
52715
64283
68304
121802
76075
51734
102290
154278
21835
246218
222324
168874
229899
32475
132630
159976
20599
120969
109872
32356
430399
14925
99007
133879
274790
251421
68043
71341
18684
115994
67622
100202
273402
176978
19317
84613
94448
152845
120276
75128
419368
117733
33429
216635
143336
154671
152621
93902
64297
113041
56659
184796
435203
123200
65298
256813
95236
54124
60679
26034
48306
78448
63049
203709
115475
96808
54934
227558
20090
99470
92991
38452
180847
270049
153830
86264
103878
203325
80838
93541
41383
42003
81466
110449
418068
95621
49589
77459
82384
138736
13944
76161
43241
274175
45745
67595
48058
21891
52011
124986
83400
119752
106474
134512
66457
111300
40538
38404
15360
96069
107147
92839
23939
48129
235292
223951
118308
81614
67572
19900
18999
90673
126351
94667
90852
49908
51119
158136
69254
43679
346985
162092
84557
21797
69787
73931
80839
64317
65456
242361
46732
208718
43342
204377
134044
132172
190266
12024
134045
98078
104410
92330
77371
523389
13587
48117
71558
363722
91532
271787
267001
145628
61670
115396
40733
220090
89959
83812
52995
96102
143443
28426
122620
179608
67260
54338
46909
68300
39167
127696
49148
73638
27765
59865
54622
107488
202124
65088
93841
283814
69421
209533
266490
266130
397196
108152
8264
227581
141870
1275478
115873
120365
73722
51686
20935
264285
66622
72080
68139
77479
79691
66125
71621
223541
72260
96395
134546
100331
63888
122180
32932
247328
21649
94530
122308
23385
36024
13351
93387
128997
182619
71670
232218
183839
171852
129200
76739
47236
21175
109922
196799
73941
21537
24151
42992
4897
130084
152496
228865
162753
91435
106958
62964
136947
126721
108855
155827
26158
168220
215864
263408
143887
49606
118239
63369
134686
97743
146648
115274
49529
71393
36011
184947
260498
96939
208915
16442
28086
271114
185406
221057
40339
180645
141474
60076
75986
562185
52062
70103
66470
58112
187370
114913
123934
124012
64848
25655
160291
25584
44384
77946
78973
226080
77289
272807
116508
114165
81248
141226
145226
48967
88821
110387
125085
77304
111082
37783
18554
77716
49889
5464560
354742
164353
238030
80725
116404
20291
185185
4101
269552
127899
112707
52662
64348
106601
104096
168680
77752
54868
268187
46527
368210
187340
500947
110011
95274
158375
64704
61935
97397
125891
222703
85499
56274
52964
492769
104719
121692
52348
69769
101279
183061
78054
221979
199612
131721
5226
182287
28226
42506
109497
28649
24788
276977
55539
60789
86177
111203
113399
30300
136484
130628
225757
67191
257398
34867
96454
117374
50987
158392
117973
273561
183706
69875
48161
119986
190592
169361
118857
196253
81237
62124
100696
131570
45165
82336
193482
67826
62294
23757
230870
73542
373757
90004
90104
151642
145877
130632
158180
173415
95396
37464
157329
22282
108337
31655
363801
270780
44432
35486
16741
32452
163975
236346
85318
134992
98358
252405
110059
127834
95030
255799
269453
107390
84509
79414
294023
74901
189981
17214
124630
133751
88957
57119
261796
137847
102993
51371
70479
22274
272196
248124
70762
228688
538951
39536
89315
28979
85758
348045
183212
104335
135119
280087
167073
84696
221042
89595
119854
96845
60376
104513
54503
119756
232168
275953
157217
20104
81782
152053
111554
80352
105067
98076
159968
47841
14883
224214
140654
171545
109295
268143
115018
81848
121897
319984
63385
274778
158612
93306
43721
46201
71012
39565
27027
19529
85831
105024
64042
169957
175841
29373
27851
75434
159945
140016
73309
87966
235924
84458
73122
18342
185418
57091
16310
141846
100718
110903
89345
235944
158002
202038
153834
131191
233788
148952
92051
93996
5697632
216970
131893
97596
58147
35411
175252
114581
368901
185736
285496
477997
54716
129362
112401
106096
110688
116195
60755
150196
294544
96357
64154
77563
46080
45162
146239
224220
136574
177105
96169
274570
408424
182984
125704
142811
24683
63176
109789
58904
46429
161372
112633
59194
18593
276796
420756
82537
65529
82719
90365
249830
178890
256208
136037
72029
1287332
149436
149740
67693
119732
10837
99606
292662
69018
56294
33370
4287221
185576
4736
186210
272791
69073
175520
166580
39308
81694
280070
199764
126475
40798
177048
119126
51029
15283
96656
45153
199469
140159
338308
424952
138871
224621
118783
83035
33955
131254
53353
79222
92009
267072
151329
563061
49085
211310
82360
452324
168393
22497
16225
134577
25088
23204
153173
144529
144456
161733
206018
78957
138213
189478
62167
129219
151272
33743
768872
69079
15978
20894
74218
218700
271408
57534
74480
164631
135840
72713
198704
139984
223352
67254
62066
272886
188573
39583
65522
67355
132813
107926
144735
256949
111775
116748
294622
205010
43110
85736
233810
67827
272286
71938
18337
62556
66646
91318
56887
164809
71064
166052
65706
18181
122921
71045
14179
165005
348967
114859
75490
229440
274897
86551
72426
210796
167509
47330
84421
147006
74074
102263
91835
142477
259777
36456
1343120
102827
277352
67829
52977
327727
49331
125427
129776
158728
1545804
189425
23447
219782
82113
272891
565162
150463
110604
281198
57567
155201
380000
131989
88599
177355
40431
133342
148344
153260
16561
107534
66030
76178
55048
59450
255025
99445
129948
94630
79739
77004
149010
72706
83062
22359
104596
222946
45168
221500
78398
138872
79000
61679
183038
167251
188249
102831
191718
109003
33331
271906
68229
131609
57538
91574
119094
159190
51400
184737
126601
145067
99364
21351
160281
266955
89652
138685
148455
259881
84017
16686
30567
12191
231374
74810
86622
15234
267050
152749
23414
72644
158396
25430
28144
139837
206164
23203
127117
138749
100013
62791
109546
100132
48645
59116
200588
81152
182441
169513
94166
184810
29517
114565
167378
60061
89103
77107
52541
123989
96491
45642
50143
108053
67066
81374
186555
112408
109474
64415
34103
78105
93858
65808
42252
66948
70100
117425
145023
96231
140930
240243
10653
304238
17884
86473
811987
66715
152518
20290
45824
77952
144272
56007
184743
17530
149142
137505
112489
38649
38176
109958
113215
179937
165434
656419
85327
385188
32091
176509
60119
85041
14804
227466
74158
197822
39221
46738
100590
475754
137539
83962
93493
78401
108950
276930
150632
140191
68415
34725
213533
151377
113366
64882
123548
27846
117472
319510
114930
337785
68691
17439
44282
525431
191177
164104
267102
102420
104091
53296
72471
64961
35647
61411
108550
52452
67154
77490
63515
193561
13680
149593
85905
65487
37550
77128
101270
139140
158960
150812
118561
306492
134539
126643
26198
26750
60165
153157
80604
99779
121284
70073
325860
113602
37417
233269
65370
64640
204861
217161
114523
128619
169580
568597
42746
50558
35248
81160
25568
153014
76301
51277
110299
95244
64526
160233
99522
4261
268814
171407
158699
105482
62688
13678
283089
19536
61038
110669
108927
274683
187594
106879
92960
201814
20469
38354
164343
60214
292182
99376
87032
67172
81425
72269
31243
93933
144260
144531
109776
201060
38528
97974
99163
38519
69668
129107
80541
12250
284937
21613
333641
80923
210264
162475
168226
137496
86437
85066
25652
12969
71732
69434
77074
135508
4341497
60417
95051
268089
136834
24339
242249
121231
41169
60301
67795
70932
47194
64251
180684
29230
154178
306718
99548
244341
177006
223864
85946
104511
69979
279678
21328
98340
59011
43805
569792
97997
43691
75497
137071
113176
194423
267507
84779
135528
111296
54119
197049
307388
80360
21139
92531
25179
114918
73827
166018
84948
67666
101926
30315
59987
97386
52614
371057
64810
124259
89331
121419
144058
59091
224958
203539
78628
54741
99342
96070
68217
357827
48246
139542
171029
264086
98504
82351
519145
107681
95583
76320
51381
111983
24585
107264
142103
115567
68041
97643
68042
96173
84438
152697
96381
83000
15054
82525
52650
63622
57104
45574
152691
47740
94342
59180
103855
21459
303876
138052
112838
278227
81027
192037
16967
43188
106432
220799
114432
55810
219237
131266
89124
165215
159509
75276
20798
59127
180852
86800
14593
23741
68287
138171
288913
102011
14090
16915
22265
103160
192736
280369
177513
101159
46424
94959
104725
69877
7208
75754
91888
195277
50058
11913
92183
111339
20595
63749
31039
75164
52244
229102
42499
63322
185148
317240
98688
131189
122483
48975
113191
49305
116302
163798
345266
116645
104075
83932
32753
142869
58644
40371
227787
47546
95300
104277
132908
101979
75374
42021
23661
34656
270170
562343
120909
99308
110986
61033
133994
39274
283767
222941
309106
169996
236559
83955
94760
177486
243415
162760
59268
150202
25513
344082
94918
108051
16782
110104
93215
74217
139693
156723
196252
109374
2171559
62252
73763
71757
87999
23730
61938
49409
43483
13318
117325
99077
17968
157650
163850
18852
247589
154499
86754
219479
129350
112130
277244
132722
101697
146811
69975
200350
147072
46897
75288
279867
193150
155489
81469
60831
18546
228738
79933
88527
285312
101019
33937
90956
108240
213565
155692
137121
273725
162325
77520
93948
22303
54643
131087
84982
136502
23174
228792
77104
30134
131564
114199
10742
278600
82055
102541
106946
86974
37452
306830
195022
112011
33898
96106
63793
60621
27736
69210
119728
65410
127485
19949
72165
141848
56324
30689
71052
116811
149045
43385
128683
129512
43567
186432
105556
94517
48775
155818
223640
88032
135368
172361
58831
363316
135267
15658
236864
188341
100989
56748
23295
49123
330580
102541
85644
188245
99923
58655
18702
182314
110031
156800
84209
528718
53555
96464
143554
102610
152234
129312
106300
31012
369828
72405
204001
111707
304212
108389
121824
89506
55566
17487
241047
180100
273313
54167
275626
111022
274822
40363
95438
100098
50035
73210
66405
77288
81855
77424
82302
104129
17216
62876
22560
145747
19833
45461
105973
96062
158613
280687
109620
20072
8246
46305
214770
52128
73010
240025
62943
22669
169320
99833
121713
150679
47980
125445
148883
17733
120272
61460
268529
55199
102338
180980
75060
93459
107040
155094
106471
84786
52409
36617
154355
102956
89359
134778
150432
123416
68914
125849
62033
133321
273576
134490
363038
98493
10345
129856
16996
31104
69879
76386
31441
134686
180147
91097
62824
267279
32673
66216
67958
35787
146474
98102
85832
109150
73805
68303
98983
110206
215353
79924
68614
79404
280146
33014
181632
134496
52584
126232
152418
385405
91885
6580
120671
163760
146826
268621
174518
79278
20428
304747
46477
133663
219910
109088
49353
17230
118700
81207
265346
85475
164396
92596
228015
118360
271502
63310
178051
59555
65308
28892
19189
132656
206691
103716
120801
35384
301575
98033
150320
59248
135440
22330
96616
121667
84845
81066
20330
29590
58646
82554
261772
50111
62364
102222
506738
108436
78988
46758
138711
99545
130717
69455
170692
199621
68116
212335
148297
109482
210464
123156
246262
184548
95141
320886
275911
174955
220202
74387
76680
45504
269066
60341
115052
72907
24372
8398
218825
102305
71712
118785
48026
24329
108037
138421
119324
33717
158245
48412
67235
139448
174597
174843
90756
132647
123914
18362
84750
167168
453142
154617
177958
28226
59030
105354
18562
294415
140470
20757
61872
95519
263350
60498
41501
275816
385009
69284
489900
110973
85370
219605
120047
99114
286848
79282
322950
148959
66589
85114
37190
278693
536216
232432
184386
151471
419029
190748
5791
92325
54229
37639
62331
181028
49877
156164
334510
184370
94618
151961
95079
161550
214373
71452
205733
139824
49299
93225
95703
211158
122121
188181
134669
184826
202570
133246
98491
94826
137268
95661
62594
144899
157539
155039
126309
61195
511106
110592
86316
97461
52353
34816
117356
83340
56021
148805
37804
18116
59647
113577
90227
183308
37417
54126
119652
120844
78257
131530
309907
101430
87552
61866
109917
198242
85694
30663
52575
214308
157198
181227
274211
46561
30854
106221
43818
20465
80494
150069
105902
85749
120296
196962
503867
141384
21960
206799
182045
105325
58794
27856
147579
20520
199301
152511
164365
67825
66647
177065
75619
53332
188281
59891
100259
193623
88453
183157
384877
119438
37651
300997
276344
144233
19956
206282
76703
73609
231749
93254
111539
189102
22336
100430
3893606
99174
282067
76877
6814
151015
60746
584243
54353
275942
19006
38951
231848
68159
97376
290332
73126
155188
118603
56229
62374
210841
146663
52813
67935
24585
256727
55725
72959
88442
91647
123847
211306
155694
60956
283658
303209
248856
130670
80987
126837
112406
33405
175435
63441
50407
166372
101117
196445
68602
441581
61900
66476
273152
6349
157375
179406
146353
110153
76698
275255
52316
46251
278560
108801
155265
115714
109620
226123
157622
107868
79996
165742
39174
28959
147031
92592
155060
113483
73173
23880
412183
103772
23265
34281
23167
15090
68378
107789
135709
138881
50073
266842
127291
126677
84363
166511
62376
81325
141413
171892
150019
78314
30116
73943
19782
99970
369102
23981
20983
242113
36397
274331
86926
147268
91836
86526
69569
269143
44658
229300
69343
73489
203490
284388
73658
143304
47419
99152
220549
305524
51363
19544
548300
282835
92823
120169
78062
88089
247830
77021
413214
69096
28888
41282
112270
189491
722321
105177
31158
117981
106344
27892
112411
279641
151147
49412
85590
214173
85507
91507
77867
20430
97520
45799
93000
33172
59576
74436
116730
130026
169435
27104
59640
170470
54636
79906
58621
120578
139464
121893
58248
76200
117072
152239
19808
24010
175609
47727
107825
124353
93782
168136
89304
109721
34097
458420
478998
39644
128736
642659
373614
534819
18810
21651
76204
72079
342670
83092
133487
33105
168771
116651
114918
23195
22729
21266
502852
92450
141396
95262
205529
571590
118259
132409
193749
41385
351617
275547
49474
368156
450316
192306
94376
59872
268617
120065
57326
202648
105658
113400
121021
77734
101677
196786
65992
267129
205439
15507
56567
52891
89278
275412
50005
214998
69144
26400
138889
152327
162746
57966
148288
108337
81298
176185
49142
120628
36444
51961
174386
165911
16812
31941
81843
158332
75717
147627
139152
96503
98299
148358
364891
136330
89398
71498
84025
47934
25091
47441
47927
39182
51393
58214
81149
213613
73948
100118
45473
78578
79473
204205
90472
81659
53675
23642
97516
96326
134380
136840
55268
141529
95311
56335
57702
107059
79399
47604
70166
61450
131198
61244
67999
78563
391143
81560
73970
55486
51675
121625
98264
77756
106757
15731
128702
121821
86692
179121
43403
89888
4221
23574
93525
260650
162500
312472
265391
148492
160898
520760
1019700
102707
103618
345419
68186
192673
109660
73898
49885
64890
158156
77263
20116
125403
31303
33627
24547
7171287
121749
143165
53327
60145
121751
24187
75228
220402
72378
73691
73944
17014
157396
185893
77192
135517
23514
162180
68402
148972
309639
129865
52348
135526
102291
134081
75406
204922
91465
122799
119771
147179
27872
16791
144525
18244
67024
121437
62449
125386
150378
47069
91648
56167
835267
251200
320420
137607
202529
67060
160761
150115
72567
141005
157060
24576
75754
8343564
40338
65709
21992
1543
128500
154926
182333
93946
126629
80559
145845
96530
98783
157747
26624
170341
167602
131641
146754
162234
148714
132698
117774
656731
119475
136938
42989
126808
177674
208939
215266
190289
135247
65677
113447
186418
8343564
242936
81756
208494
8343564
51349
162361
51200
8343564
80071
53006
73728
156826
33492
44236
76968
61186
35706
159545
32883
130048
331264
56763
